84
104
101
32
76
105
116
116
108
258
80
114
105
110
99
258
67
104
97
112
116
101
114
32
73
10
79
269
258
119
257
110
279
32
119
97
115
32
115
105
120
32
121
101
97
114
292
111
108
100
288
115
97
119
32
97
32
109
97
103
110
105
102
105
270
110
116
32
112
319
116
117
114
258
268
310
32
98
111
111
107
44
32
99
97
108
264
305
84
114
117
258
83
116
111
267
101
292
102
114
111
109
32
78
97
326
328
337
97
333
117
322
116
257
323
267
109
101
118
340
32
102
350
352
116
46
279
322
290
292
311
324
99
361
258
111
102
331
333
311
99
111
110
115
116
267
388
350
32
330
368
258
97
388
32
391
293
290
341
111
119
268
103
310
287
97
316
313
108
381
72
277
329
385
338
111
112
121
410
392
406
32
100
114
97
