84
104
101
32
76
105
116
116
108
258
80
114
105
110
99
258
67
104
97
112
116
101
114
32
73
10
79
269
258
119
257
110
279
32
119
97
115
32
115
105
120
32
121
101
97
114
292
111
108
100
288
115
97
119
32
97
32
109
97
103
110
105
102
105
270
110
116
32
112
319
116
117
114
258
268
310
32
98
111
111
107
44
32
99
97
108
264
305
84
114
117
258
83
116
111
267
101
292
102
114
111
109
32
78
97
326
328
337
97
333
117
	Key is:30068
	collision in the hash
322
116
257
323
267
109
101
118
340
32
102
350
352
116
46
279
322
290
292
311
324
99
361
258
111
102
331
333
311
99
111
110
115
116
267
388
350
32
330
368
258
97
388
32
391
293
290
341
111
119
268
103
310
287
97
316
313
108
381
72
277
329
385
338
111
112
121
410
392
406
32
100
114
308
417
46
10
66
111
97
10
73
287
436
333
335
404
322
307
105
100
58
32
34
444
395
397
399
401
349
301
412
340
108
415
32
406
105
278
112
328
433
285
303
101
	Key is:25900
	collision in the hash
337
416
368
111
366
338
257
416
110
418
261
381
65
102
276
278
368
360
	Key is:92192
	collision in the hash
472
257
433
300
258
110
111
322
364
264
472
111
312
111
118
481
419
305
406
433
115
264
101
112
500
355
117
103
104
500
258
294
296
109
	Key is:28015
	collision in the hash
397
368
292
498
367
501
32
110
101
101
305
377
278
100
105
103
379
105
397
46
34
447
323
397
100
427
305
558
522
108
121
337
406
110
337
513
277
529
310
100
514
321
327
352
434
571
106
117
490
264
493
110
305
97
495
570
115
356
284
350
107
289
261
528
462
470
328
305
112
101
269
105
108
306
117
99
270
543
543
404
287
313
107
417
312
433
318
301
322
438
440
490
381
77
433
68
439
489
418
78
117
109
98
570
282
101
381
73
322
470
335
612
590
372
368
617
108
	Key is:27753
	collision in the hash
105
107
258
648
115
58
10
72
360
555
	Key is:142195
	collision in the hash
115
104
415
612
109
433
313
399
	Key is:102245
	collision in the hash
277
324
101
270
510
571
103
355
119
110
45
117
112
115
363
585
310
115
652
517
257
357
285
101
406
497
369
623
631
376
267
527
276
541
688
101
109
442
66
486
518
419
115
119
559
458
34
70
699
104
701
63
32
87
104
519
662
117
304
419
433
397
258
	Key is:66146
	collision in the hash
636
698
548
718
603
612
98
502
32
273
116
63
554
627
437
630
617
384
540
506
331
387
389
578
311
741
640
383
291
752
325
576
755
332
445
430
398
400
325
403
547
549
399
617
421
32
101
264
112
273
321
381
707
454
268
672
436
675
415
678
680
292
712
328
750
507
98
	Key is:25196
	collision in the hash
509
349
32
	Key is:8309
	collision in the hash
581
	Key is:148836
	collision in the hash
558
621
421
305
261
337
73
312
97
558
419
506
257
546
747
490
458
809
438
101
309
436
268
294
812
411
311
394
767
464
770
114
337
590
500
499
788
676
791
681
430
726
305
115
542
453
338
264
300
563
381
256
101
502
108
290
121
292
541
612
800
273
514
500
417
292
101
120
112
108
97
268
543
626
628
817
632
634
636
278
	Key is:71252
	collision in the hash
84
119
511
643
687
32
650
652
866
655
10
69
	Key is:17772
	collision in the hash
779
781
322
825
456
653
369
394
10
854
32
789
677
679
	Key is:173936
	collision in the hash
681
39
32
328
115
112
463
515
654
472
105
372
482
760
800
811
118
105
846
312
653
885
97
502
826
258
665
746
624
103
302
392
830
396
768
465
350
682
	Key is:174624
	collision in the hash
289
257
693
698
356
571
898
827
694
390
366
933
683
560
373
506
934
859
778
392
	Key is:100457
	collision in the hash
825
276
811
673
549
111
675
274
723
337
104
926
466
564
310
267
368
647
319
959
905
439
109
313
114
853
741
404
793
975
310
538
407
549
578
531
808
905
97
865
680
947
499
109
734
322
864
731
542
420
810
315
317
319
603
	Key is:154484
	collision in the hash
322
339
328
570
	Key is:146017
	collision in the hash
760
386
873
321
277
640
740
969
636
603
437
926
	Key is:237160
	collision in the hash
257
300
701
737
433
436
102
873
108
763
411
	Key is:105325
	collision in the hash
935
629
937
358
880
637
541
516
618
32
1050
697
633
635
570
883
111
381
71
840
908
860
373
570
802
277
399
805
728
648
490
332
1042
689
846
108
514
946
1076
261
994
918
912
591
376
403
99
977
304
328
449
511
732
340
858
385
684
545
1071
278
869
871
1028
617
1078
938
673
406
705
10
83
511
566
288
1095
111
927
421
814
570
476
391
352
294
397
986
850
114
702
673
324
470
507
474
1110
541
115
1031
1013
376
470
677
331
650
262
509
569
278
469
323
1039
939
571
884
114
304
59
1056
1088
926
472
345
900
499
971
973
780
433
273
292
1034
287
514
114
433
117
	Key is:30067
	collision in the hash
846
102
726
673
372
493
507
905
872
283
1122
776
547
774
490
117
1037
	Key is:265504
	collision in the hash
32
272
268
311
354
951
65
267
122
	Key is:31343
	collision in the hash
397
97
640
392
730
905
692
292
470
399
613
571
316
700
835
608
528
107
505
119
342
1000
1168
374
1046
508
639
447
449
369
396
327
927
411
917
650
102
258
809
1147
273
586
987
299
322
313
110
433
603
1241
1029
467
483
597
1253
1009
421
433
602
431
509
479
1032
865
1179
767
270
1136
612
1263
810
262
1074
578
942
846
113
346
283
1146
1005
258
650
514
1252
675
1254
	Key is:321056
	collision in the hash
437
299
606
97
533
1079
906
841
1145
288
1147
846
1035
1116
613
116
919
360
778
980
99
1219
407
1012
805
584
688
499
1177
110
39
1255
1226
	Key is:313888
	collision in the hash
404
109
1129
1294
1057
431
268
551
287
1244
689
442
722
736
1181
288
647
410
1055
1340
704
947
511
1309
372
517
511
372
997
310
341
	Key is:87328
	collision in the hash
849
299
114
45
	Key is:11635
	collision in the hash
294
700
543
1003
769
862
369
1109
277
919
1021
1001
662
697
977
357
1049
878
1052
1062
278
638
482
	Key is:123496
	collision in the hash
977
1095
1307
1291
1360
1103
32
652
275
1031
884
844
1169
1042
511
318
684
485
116
835
111
337
317
891
289
1026
323
1074
397
578
400
346
801
585
1074
116
	Key is:29793
	collision in the hash
805
441
32
784
1388
111
1107
848
384
976
515
403
661
515
1399
727
1102
931
292
307
121
656
34
256
499
1168
756
360
553
903
286
288
1439
305
541
1345
1424
108
594
800
537
1415
301
1417
364
1406
765
462
943
833
946
403
476
1375
1234
	Key is:315936
	collision in the hash
1093
912
116
1475
278
1075
301
1398
485
727
98
267
1079
665
1083
392
100
790
673
977
1218
1071
424
1456
1488
517
340
1463
511
1380
310
365
322
1490
456
549
986
103
303
102
986
	Key is:252528
	collision in the hash
914
1152
319
1086
	Key is:278126
	collision in the hash
684
541
99
107
1313
352
1323
674
1068
1007
1457
332
	Key is:85093
	collision in the hash
258
1296
360
563
323
850
846
1356
1273
934
692
293
1330
311
846
398
105
798
934
421
442
282
672
691
287
809
749
531
297
1363
302
727
809
307
309
311
313
1018
318
320
322
	Key is:82544
	collision in the hash
753
	Key is:192885
	collision in the hash
763
330
829
334
	Key is:85611
	collision in the hash
336
338
469
612
344
1420
348
350
105
577
1206
357
359
389
363
1511
571
1477
372
	Key is:95350
	collision in the hash
1479
1106
399
758
1413
429
499
795
828
1471
831
	Key is:212852
	collision in the hash
769
402
278
405
369
408
322
411
711
469
415
775
420
422
340
425
427
1089
	Key is:278881
	collision in the hash
462
432
1418
695
878
	Key is:224814
	collision in the hash
706
445
1238
571
451
594
1088
455
457
459
461
660
944
467
1621
414
823
257
474
370
855
1352
264
482
596
1470
1095
822
617
492
32
494
496
837
998
502
795
505
797
799
1357
569
986
709
520
542
523
368
525
527
	Key is:134944
	collision in the hash
571
1564
1302
535
1669
529
433
861
544
771
548
550
552
554
809
914
1422
600
1298
562
980
566
568
1460
1617
573
1021
576
1160
436
580
582
639
1666
684
587
1668
646
592
114
594
1280
598
378
601
1259
605
607
	Key is:155491
	collision in the hash
609
542
558
806
614
97
616
1492
619
474
1220
696
1426
745
1059
	Key is:271209
	collision in the hash
617
1061
881
32
638
1605
886
645
591
1113
888
651
900
926
656
658
116
660
1378
664
666
291
496
670
787
1120
369
1304
1069
986
291
887
1311
691
949
436
1745
1079
354
1011
736
703
1117
784
1691
710
794
543
714
716
1788
110
720
722
724
1504
728
1348
1014
733
1367
1137
738
331
741
743
10
745
1785
418
749
1673
761
388
1047
392
1451
380
382
1606
1821
754
1610
941
463
1613
466
1036
773
1313
	Key is:336238
	collision in the hash
1079
776
778
522
896
783
486
294
1194
839
790
1069
289
1629
1820
1236
	Key is:316448
	collision in the hash
673
1073
804
684
	Key is:175209
	collision in the hash
807
1346
811
407
1673
815
936
631
819
746
822
952
1552
827
1824
1611
1285
1834
350
1408
1690
1848
907
792
843
727
1309
848
	Key is:217187
	collision in the hash
1318
	Key is:337509
	collision in the hash
1363
852
32
854
856
1394
1693
1498
1392
1113
868
870
872
	Key is:223337
	collision in the hash
874
100
876
1058
1383
1750
1063
884
888
	Key is:227439
	collision in the hash
533
612
889
1761
	Key is:450931
	collision in the hash
892
894
1842
421
897
1871
900
731
1637
904
1776
	Key is:454773
	collision in the hash
792
910
912
1701
846
565
1499
918
920
1828
923
573
926
1546
	Key is:395808
	collision in the hash
510

assoc mem entry count: 53

84
104
101
32
76
105
116
116
108
258
80
114
105
110
99
258
67
104
97
112
116
101
114
32
73
10
79
269
258
119
257
110
279
32
119
97
115
32
115
105
120
32
121
101
97
114
292
111
108
100
288
115
97
119
32
97
32
109
97
103
110
105
102
105
270
110
116
32
112
319
116
117
114
258
268
310
32
98
111
111
107
44
32
99
97
108
264
305
84
114
117
258
83
116
111
267
101
292
102
114
111
109
32
78
97
326
328
337
97
333
117
322
116
257
323
267
109
101
118
340
32
102
350
352
116
46
279
322
290
292
311
324
99
361
258
111
102
331
333
311
99
111
110
115
116
267
388
350
32
330
368
258
97
388
32
391
293
290
341
111
119
268
103
310
287
97
316
313
108
381
72
277
329
385
338
111
112
121
410
392
406
32
100
114
308
417
46
10
66
111
97
10
73
287
436
333
335
404
322
307
105
100
58
32
34
444
395
397
399
401
349
301
412
340
108
415
32
406
105
278
112
328
433
285
303
101
337
416
368
111
366
338
257
416
110
418
261
381
65
102
276
278
368
360
472
257
433
300
258
110
111
322
364
264
472
111
312
111
118
481
419
305
406
433
115
264
101
112
500
355
117
103
104
500
258
294
296
109
397
368
292
498
367
501
32
110
101
101
305
377
278
100
105
103
379
105
397
46
34
447
323
397
100
427
305
558
522
108
121
337
406
110
337
513
277
529
310
100
514
321
327
352
434
571
106
117
490
264
493
110
305
97
495
570
115
356
284
350
107
289
261
528
462
470
328
305
112
101
269
105
108
306
117
99
270
543
543
404
287
313
107
417
312
433
318
301
322
438
440
490
381
77
433
68
439
489
418
78
117
109
98
570
282
101
381
73
322
470
335
612
590
372
368
617
108
105
107
258
648
115
58
10
72
360
555
115
104
415
612
109
433
313
399
277
324
101
270
510
571
103
355
119
110
45
117
112
115
363
585
310
115
652
517
257
357
285
101
406
497
369
623
631
376
267
527
276
541
688
101
109
442
66
486
518
419
115
119
559
458
34
70
699
104
701
63
32
87
104
519
662
117
304
419
433
397
258
636
698
548
718
603
612
98
502
32
273
116
63
554
627
437
630
617
384
540
506
331
387
389
578
311
741
640
383
291
752
325
576
755
332
445
430
398
400
325
403
547
549
399
617
421
32
101
264
112
273
321
381
707
454
268
672
436
675
415
678
680
292
712
328
750
507
98
509
349
32
581
558
621
421
305
261
337
73
312
97
558
419
506
257
546
747
490
458
809
438
101
309
436
268
294
812
411
311
394
767
464
770
114
337
590
500
499
788
676
791
681
430
726
305
115
542
453
338
264
300
563
381
256
101
502
108
290
121
292
541
612
800
273
514
500
417
292
101
120
112
108
97
268
543
626
628
817
632
634
636
278
84
119
511
643
687
32
650
652
866
655
10
69
779
781
322
825
456
653
369
394
10
854
32
789
677
679
681
39
32
328
115
112
463
515
654
472
105
372
482
760
800
811
118
105
846
312
653
885
97
502
826
258
665
746
624
103
302
392
830
396
768
465
350
682
289
257
693
698
356
571
898
827
694
390
366
933
683
560
373
506
934
859
778
392
825
276
811
673
549
111
675
274
723
337
104
926
466
564
310
267
368
647
319
959
905
439
109
313
114
853
741
404
793
975
310
538
407
549
578
531
808
905
97
865
680
947
499
109
734
322
864
731
542
420
810
315
317
319
603
322
339
328
570
760
386
873
321
277
640
740
969
636
603
437
926
257
300
701
737
433
436
102
873
108
763
411
935
629
937
358
880
637
541
516
618
32
1050
697
633
635
570
883
111
381
71
840
908
860
373
570
802
277
399
805
728
648
490
332
1042
689
846
108
514
946
1076
261
994
918
912
591
376
403
99
977
304
328
449
511
732
340
858
385
684
545
1071
278
869
871
1028
617
1078
938
673
406
705
10
83
511
566
288
1095
111
927
421
814
570
476
391
352
294
397
986
850
114
702
673
324
470
507
474
1110
541
115
1031
1013
376
470
677
331
650
262
509
569
278
469
323
1039
939
571
884
114
304
59
1056
1088
926
472
345
900
499
971
973
780
433
273
292
1034
287
514
114
433
117
846
102
726
673
372
493
507
905
872
283
1122
776
547
774
490
117
1037
32
272
268
311
354
951
65
267
122
397
97
640
392
730
905
692
292
470
399
613
571
316
700
835
608
528
107
505
119
342
1000
1168
374
1046
508
639
447
449
369
396
327
927
411
917
650
102
258
809
1147
273
586
987
299
322
313
110
433
603
1241
1029
467
483
597
1253
1009
421
433
602
431
509
479
1032
865
1179
767
270
1136
612
1263
810
262
1074
578
942
846
113
346
283
1146
1005
258
650
514
1252
675
1254
437
299
606
97
533
1079
906
841
1145
288
1147
846
1035
1116
613
116
919
360
778
980
99
1219
407
1012
805
584
688
499
1177
110
39
1255
1226
404
109
1129
1294
1057
431
268
551
287
1244
689
442
722
736
1181
288
647
410
1055
1340
704
947
511
1309
372
517
511
372
997
310
341
849
299
114
45
294
700
543
1003
769
862
369
1109
277
919
1021
1001
662
697
977
357
1049
878
1052
1062
278
638
482
977
1095
1307
1291
1360
1103
32
652
275
1031
884
844
1169
1042
511
318
684
485
116
835
111
337
317
891
289
1026
323
1074
397
578
400
346
801
585
1074
116
805
441
32
784
1388
111
1107
848
384
976
515
403
661
515
1399
727
1102
931
292
307
121
656
34
256
499
1168
756
360
553
903
286
288
1439
305
541
1345
1424
108
594
800
537
1415
301
1417
364
1406
765
462
943
833
946
403
476
1375
1234
1093
912
116
1475
278
1075
301
1398
485
727
98
267
1079
665
1083
392
100
790
673
977
1218
1071
424
1456
1488
517
340
1463
511
1380
310
365
322
1490
456
549
986
103
303
102
986
914
1152
319
1086
684
541
99
107
1313
352
1323
674
1068
1007
1457
332
258
1296
360
563
323
850
846
1356
1273
934
692
293
1330
311
846
398
105
798
934
421
442
282
672
691
287
809
749
531
297
1363
302
727
809
307
309
311
313
1018
318
320
322
753
763
330
829
334
336
338
469
612
344
1420
348
350
105
577
1206
357
359
389
363
1511
571
1477
372
1479
1106
399
758
1413
429
499
795
828
1471
831
769
402
278
405
369
408
322
411
711
469
415
775
420
422
340
425
427
1089
462
432
1418
695
878
706
445
1238
571
451
594
1088
455
457
459
461
660
944
467
1621
414
823
257
474
370
855
1352
264
482
596
1470
1095
822
617
492
32
494
496
837
998
502
795
505
797
799
1357
569
986
709
520
542
523
368
525
527
571
1564
1302
535
1669
529
433
861
544
771
548
550
552
554
809
914
1422
600
1298
562
980
566
568
1460
1617
573
1021
576
1160
436
580
582
639
1666
684
587
1668
646
592
114
594
1280
598
378
601
1259
605
607
609
542
558
806
614
97
616
1492
619
474
1220
696
1426
745
1059
617
1061
881
32
638
1605
886
645
591
1113
888
651
900
926
656
658
116
660
1378
664
666
291
496
670
787
1120
369
1304
1069
986
291
887
1311
691
949
436
1745
1079
354
1011
736
703
1117
784
1691
710
794
543
714
716
1788
110
720
722
724
1504
728
1348
1014
733
1367
1137
738
331
741
743
10
745
1785
418
749
1673
761
388
1047
392
1451
380
382
1606
1821
754
1610
941
463
1613
466
1036
773
1313
1079
776
778
522
896
783
486
294
1194
839
790
1069
289
1629
1820
1236
673
1073
804
684
807
1346
811
407
1673
815
936
631
819
746
822
952
1552
827
1824
1611
1285
1834
350
1408
1690
1848
907
792
843
727
1309
848
1318
1363
852
32
854
856
1394
1693
1498
1392
1113
868
870
872
874
100
876
1058
1383
1750
1063
884
888
533
612
889
1761
892
894
1842
421
897
1871
900
731
1637
904
1776
792
910
912
1701
846
565
1499
918
920
1828
923
573
926
1546
510
