260
259
261
268
280
271
273
275
279
272
274
285
291
288
311
284
269
316
331
315
336
305
343
298
335
373
334
285
329
335
382
383
385
335
388
390
402
314
302
387
285
320
322
408
289
419
423
416
417
426
415
335
340
305
466
469
476
478
477
488
485
498
500
281
512
514
432
524
526
496
501
536
281
481
547
550
554
543
560
534
497
499
537
427
493
579
474
340
340
434
633
409
379
381
285
282
429
386
417
641
340
642
420
651
335
632
340
654
658
657
659
634
638
640
285
655
285
445
410
690
429
676
336
472
429
474
427
679
681
325
454
429
695
643
715
494
729
719
335
330
412
636
643
386
735
737
672
743
503
429
722
660
750
752
405
417
428
382
696
759
753
468
429
765
643
767
761
411
429
773
758
775
689
421
394
285
783
270
791
286
749
793
508
756
340
801
774
787
746
539
795
670
804
754
399
646
645
734
736
335
386
748
340
335
829
285
386
335
779
429
340
852
643
285
845
847
285
335
835
837
750
864
437
881
643
851
340
699
821
823
335
857
859
335
897
285
574
840
386
814
816
811
285
883
420
917
861
912
335
903
905
634
943
643
916
886
888
285
562
283
920
933
945
420
949
879
788
806
930
386
962
429
690
805
335
960
262
986
967
969
731
901
926
290
429
1000
973
386
994
914
995
410
849
335
335
988
539
1019
972
340
728
1010
436
643
1032
420
768
894
1006
335
1025
643
688
921
1011
338
812
1037
1039
1000
1029
913
286
1044
420
1046
1048
335
1084
285
1031
634
614
1047
1063
417
1034
340
1068
1070
1098
342
1104
421
335
1108
335
1112
285
1111
1109
285
1118
1115
299
1121
830
1125
1117
1096
1107
1122
1130
1129
798
730
1067
1132
1144
1011
1001
1001
1155
1001
684
1164
1067
1148
412
411
1093
391
1058
1017
1077
1009
539
1202
1072
1028
1071
553
1185
1102
1205
1210
1137

assoc mem entry count: 15
